ISS (ZARYA)             
1 25544U 98067A   20101.49789620 -.00000843  00000-0 -72437-5 0  9994
2 25544  51.6442 323.4418 0003567  97.5001 333.2274 15.48679651221520
NSIGHT                  
1 42726U 98067MF  20101.41972867  .00345433  66479-4  45399-3 0  9990
2 42726  51.6243 209.0044 0009087 327.3341  32.7108 16.06219602164768
KESTREL EYE IIM (KE2M)  
1 42982U 98067NE  20101.36603301  .00013519  00000-0  12255-3 0  9998
2 42982  51.6346 268.5674 0003561 191.4761 168.6155 15.68377454140382
ASTERIA                 
1 43020U 98067NH  20100.83214555  .00396983  83692-4  55667-3 0  9997
2 43020  51.6446 225.1325 0006274 348.4396  11.6471 16.05206331136684
DELLINGR (RBLE)         
1 43021U 98067NJ  20101.44979837  .00014318  00000-0  12632-3 0  9999
2 43021  51.6355 266.9432 0001692 163.0588 197.0466 15.68988885136186
1KUNS-PF                
1 43466U 98067NP  20101.12891608  .00103710  00000-0  36346-3 0  9999
2 43466  51.6288 252.4837 0004283 288.9926  71.0615 15.88420775109600
UBAKUSAT                
1 43467U 98067NQ  20100.90294240  .00030835  00000-0  23390-3 0  9996
2 43467  51.6334 273.6986 0001059 158.1892 201.9152 15.72065928109317
CUBERRT                 
1 43546U 98067NU  20100.93259279  .00016370  00000-0  13217-3 0  9995
2 43546  51.6347 272.4149 0003509 184.3953 175.7014 15.71016405 99462
TEMPEST-D               
1 43547U 98067NV  20101.02492515  .00007328  00000-0  89175-4 0  9999
2 43547  51.6365 297.1306 0005287 154.0184 206.1076 15.61704204 98823
RAINCUBE                
1 43548U 98067NW  20101.08106498  .00030218  00000-0  24112-3 0  9991
2 43548  51.6334 280.1316 0004498 189.4580 170.6333 15.70859848 99500
HALOSAT                 
1 43549U 98067NX  20100.92845984  .00026060  00000-0  21304-3 0  9994
2 43549  51.6357 281.4225 0003904 190.0602 170.0318 15.70366356 99035
RADIX                   
1 43550U 98067NY  20097.88977430  .06840374  12338-4  81014-3 0  9991
2 43550  51.6154 263.5421 0011233 295.6312  64.3552 16.35532541 99459
ENDUROSAT ONE           
1 43551U 98067NZ  20100.74357343  .00045450  00000-0  29341-3 0  9997
2 43551  51.6342 274.1057 0004533 208.1189 151.9566 15.75629643 99527
EQUISAT                 
1 43552U 98067PA  20100.79466024  .00028808  00000-0  22932-3 0  9997
2 43552  51.6357 280.5690 0005007 195.2401 164.8446 15.70941914 99408
RADSAT-G                
1 43553U 98067PB  20100.79133541  .00019271  00000-0  17995-3 0  9990
2 43553  51.6397 286.6778 0005445 184.3458 175.7492 15.67311180 99374
1998-067PC              
1 43554U 98067PC  20100.85012121  .00053440  00000-0  32380-3 0  9999
2 43554  51.6318 271.8018 0004713 215.6154 144.4532 15.77002242 99105
AEROCUBE 12A            
1 43556U 18046C   20101.16745603  .00001149  00000-0  51909-4 0  9991
2 43556  51.6423  73.6180 0008787  52.8466 307.3315 15.29589511 96926
AEROCUBE 12B            
1 43557U 18046D   20100.62808549  .00001019  00000-0  47799-4 0  9999
2 43557  51.6421  76.7579 0008810  51.2246 308.9520 15.29332186 96780
LEMUR-2-VU              
1 43558U 18046E   20101.11880044  .00003320  00000-0  12228-3 0  9990
2 43558  51.6413  71.1172 0007964  55.3198 304.8532 15.30693717 96948
LEMUR-2-ALEXANDER       
1 43559U 18046F   20100.63230866  .00001617  00000-0  65575-4 0  9999
2 43559  51.6412  73.1304 0008074  53.7746 306.3980 15.30831056 96653
LEMUR-2-YUASA           
1 43560U 18046G   20101.39609415  .00002910  00000-0  10892-3 0  9993
2 43560  51.6408  69.9615 0008264  69.2041 290.9824 15.30621305 96984
LEMUR-2-TOMHENDERSON    
1 43561U 18046H   20100.74942723  .00001761  00000-0  70996-4 0  9999
2 43561  51.6407  73.1444 0008390  65.7609 294.4247 15.30498259 96441
SIRIUSSAT-1             
1 43595U 98067PG  20101.35515518  .00028957  00000-0  23021-3 0  9995
2 43595  51.6325 280.4323 0002668 181.4755 178.6235 15.70978966 94301
SIRIUSSAT-2             
1 43596U 98067PH  20100.77614238  .00031209  00000-0  24922-3 0  9995
2 43596  51.6334 284.1345 0003105 173.1117 186.9924 15.70829615 94206
TANUSHA-3               
1 43597U 98067PJ  20100.93274393  .00060661  00000-0  35825-3 0  9996
2 43597  51.6310 274.4970 0002846 217.9309 142.1491 15.77536684 94344
1998-067PK              
1 43598U 98067PK  20100.73028448  .00061035  00000-0  34604-3 0  9993
2 43598  51.6302 274.6809 0002961 218.7255 141.3534 15.78448172 94328
1998-067PN              
1 43638U 98067PN  20100.81205189  .00012215  00000-0  13900-3 0  9998
2 43638  51.6358 298.6946 0002664 139.1231 220.9963 15.62728027 85943
1998-067PP              
1 43639U 98067PP  20100.96995219  .00020933  00000-0  20103-3 0  9994
2 43639  51.6358 291.5107 0004207 147.3994 212.7262 15.66555657 86052
STARS-ME                
1 43640U 98067PQ  20100.97289065  .00015716  00000-0  16777-3 0  9997
2 43640  51.6349 295.2394 0004712 136.6331 223.5035 15.64111722 86002
ISS DEB (SEDA-AP)       
1 43870U 98067PU  20100.83819820  .00003674  00000-0  56007-4 0  9996
2 43870  51.6427 310.1577 0004932 145.1036 215.0301 15.57327356 73962
CATSAT-2                
1 44029U 98067PV  20101.14773398  .00015937  00000-0  17671-3 0  9995
2 44029  51.6380 301.7506 0004411 182.6666 177.4306 15.63125359 67833
DELPHINI                
1 44030U 98067PW  20101.01156709  .00021381  00000-0  22827-3 0  9993
2 44030  51.6346 301.5088 0004489 181.7912 178.3068 15.63862533 67791
UNITE                   
1 44031U 98067PX  20100.98896555  .00011322  00000-0  14301-3 0  9991
2 44031  51.6372 306.6563 0003491 170.5328 189.5732 15.60074735 67725
TECHEDSAT 8             
1 44032U 98067PY  20100.79563131  .00584073  16207-3  11014-2 0  9996
2 44032  51.6224 277.2948 0010095 280.8632  79.1241 16.00133574 68073
CATSAT-1                
1 44033U 98067PZ  20101.27545854  .00015605  00000-0  17309-3 0  9998
2 44033  51.6382 301.1087 0004231 180.5242 179.5749 15.63137128 67768
ISS DEB                 
1 44303U 98067QA  20101.30793200  .00004066  00000-0  69440-4 0  9995
2 44303  51.6415 318.6047 0006082  78.7879 281.3795 15.53800312 49162
ISS DEB                 
1 44304U 98067QB  20101.15668771  .00019888  00000-0  25397-3 0  9993
2 44304  51.6394 313.8482 0004754  68.5812 291.5687 15.59249206 49222
ISS DEB                 
1 44305U 98067QC  20101.28000136  .00020734  00000-0  24593-3 0  9992
2 44305  51.6357 310.8200 0004281 130.6523 229.4844 15.61164876 49274
ISS DEB                 
1 44306U 98067QD  20101.07272812  .00005487  00000-0  91154-4 0  9998
2 44306  51.6400 319.9918 0007361  74.0992 286.0809 15.53784761 49130
RAAVANA-1               
1 44329U 98067QE  20100.85050817  .00011474  00000-0  16481-3 0  9999
2 44329  51.6389 317.7735 0006780 109.1673 251.0053 15.56587596 46314
UGUISU                  
1 44330U 98067QF  20101.05234217  .00011497  00000-0  16552-3 0  9996
2 44330  51.6389 316.8679 0006761 108.9070 251.2655 15.56524713 46323
NEPALISAT-1             
1 44331U 98067QG  20100.84415454  .00011038  00000-0  15866-3 0  9995
2 44331  51.6389 317.7304 0006817 110.4510 249.7214 15.56615881 46306
SPOOQY-1                
1 44332U 98067QH  20101.22917795  .00008828  00000-0  12859-3 0  9996
2 44332  51.6390 315.7985 0005763 114.4301 245.7292 15.56558312 46322
PINOT                   
1 44364U 98067QJ  20100.90964135  .00004181  00000-0  71735-4 0  9992
2 44364  51.6491 321.1670 0007833  76.5880 283.5984 15.53581457 44689
IOD-1 GEMS              
1 44385U 98067QK  20101.04729451  .00017443  00000-0  23283-3 0  9990
2 44385  51.6402 316.1241 0002740  83.8531 276.2774 15.58174799 43810
SWIATOWID               
1 44426U 98067QL  20101.49169741  .00017457  00000-0  22860-3 0  9990
2 44426  51.6419 313.6702 0003410  88.1086 348.2505 15.58686135 43900
KRAKSAT                 
1 44427U 98067QM  20101.29822224  .00007117  00000-0  11109-3 0  9997
2 44427  51.6409 317.7925 0003831  70.8503 289.2903 15.55009717 43875
VCC A                   
1 44428U 98067QN  20100.81651761  .00011726  00000-0  17188-3 0  9995
2 44428  51.6406 319.0793 0003217  92.6928 267.4431 15.56021401 43815
ENTRYSAT                
1 44429U 98067QP  20101.01669259  .00013468  00000-0  19117-3 0  9999
2 44429  51.6391 317.4001 0002843  87.7527 272.3790 15.56751030 43852
VCC C                   
1 44430U 98067QQ  20101.29127814  .00014012  00000-0  19264-3 0  9996
2 44430  51.6394 315.4941 0002934 101.1489 258.9833 15.57575648 42720
VCC B                   
1 44431U 98067QR  20100.81766341  .00011763  00000-0  17226-3 0  9994
2 44431  51.6402 319.0784 0003375  90.7892 269.3486 15.56043593 43759
SOYUZ-MS 15             
1 44550U 19064A   20100.59836340  .00000795  00000-0  22826-4 0  9994
2 44550  51.6455 327.8854 0003908 100.1089 352.2018 15.48693431 30550
ISS DEB                 
1 44788U 98067QT  20101.31987402  .00013270  00000-0  20991-3 0  9996
2 44788  51.6451 321.6573 0006758 111.2921 248.8837 15.53773979 22791
ISS DEB                 
1 44789U 98067QU  20101.14592402  .00012041  00000-0  19365-3 0  9998
2 44789  51.6426 322.7633 0007437 112.4800 247.7552 15.53411386 22756
RWASAT-1                
1 44790U 98067QV  20101.19204001 -.00000475  00000-0  00000+0 0  9991
2 44790  51.6436 322.8678 0009378 121.8623 329.2282 15.52123330 22026
AQT-D                   
1 44791U 98067QW  20101.32788923  .00004472  00000-0  81264-4 0  9993
2 44791  51.6414 322.4643 0003355  99.3428 260.7941 15.51740300 22046
NARSSCUBE-1             
1 44792U 98067QX  20101.04240435  .00009359  00000-0  15699-3 0  9991
2 44792  51.6409 323.5571 0006295 118.4696 241.6929 15.52550495 22004
PROGRESS-MS 13          
1 44833U 19085A   20100.59836340  .00000795  00000-0  22826-4 0  9991
2 44833  51.6455 327.8854 0003908 100.1089 352.2018 15.48693431 19393
STPSAT-4                
1 45043U 98067QY  20100.89231794  .00002242  00000-0  48013-4 0  9992
2 45043  51.6486 326.2857 0006708 115.0176 245.1511 15.49537171 11197
CYGNUS NG-13            
1 45175U 20011A   20100.59836340  .00000795  00000-0  22826-4 0  9992
2 45175  51.6455 327.8854 0003908 100.1089 352.2018 15.48693431  8335
HARP                    
1 45256U 98067QZ  20101.32394360  .00005549  00000-0  10375-3 0  9998
2 45256  51.6424 323.9322 0008365 107.1183 253.0722 15.50372652  7939
1998-067RA              
1 45257U 98067RA  20101.32213477  .00004860  00000-0  91845-4 0  9995
2 45257  51.6420 323.9200 0009028 110.0195 250.1767 15.50377100  7934
PHOENIX                 
1 45258U 98067RB  20101.32388193  .00004252  00000-0  81626-4 0  9995
2 45258  51.6416 323.9296 0006970  92.9472 267.2314 15.50288228  7900
1998-067RC              
1 45259U 98067RC  20101.12876117  .00007692  00000-0  14018-3 0  9993
2 45259  51.6419 324.8782 0008382 107.9432 252.2472 15.50479461  7906
CRYOCUBE                
1 45260U 98067RD  20101.12371086  .00007788  00000-0  14110-3 0  9999
2 45260  51.6420 324.8449 0009159 106.5882 253.6113 15.50621242  7911
AZTECHSAT-1             
1 45261U 98067RE  20100.86444393  .00009173  00000-0  16405-3 0  9991
2 45261  51.6419 326.1133 0008978 106.8146 253.3829 15.50743507  7863
RADSAT-U                
1 45262U 98067RF  20101.32073756  .00005027  00000-0  94612-4 0  9996
2 45262  51.6422 323.9116 0007798 140.8636 219.2919 15.50419585  7941
QARMAN                  
1 45263U 98067RG  20101.32621109  .00006532  00000-0  12111-3 0  9993
2 45263  51.6420 323.9463 0008390 105.6638 254.5277 15.50277675  7968
SORTIE                  
1 45264U 98067RH  20101.20114652  .00003475  00000-0  68732-4 0  9995
2 45264  51.6423 324.6121 0008491 113.7141 246.4739 15.50052511  7910
ICS-EF                  
1 45265U 98067RJ  20101.08947373  .00002490  00000-0  52575-4 0  9990
2 45265  51.6461 325.3576 0006641 113.4102 246.7542 15.49453122  7572
SOYUZ-MS 16             
1 45476U 20023A   20100.59836340  .00000795  00000-0  22826-4 0  9999
2 45476  51.6455 327.8854 0003908 100.1089 352.2018 15.48693431    27
SL-4 R/B                
1 45477U 20023B   20101.55847405  .01521825  12075-4  39501-3 0  9990
2 45477  51.6487 322.5110 0017111  75.9258 284.4857 16.27415268   203
